0,421
0,420
0,419
0,418
0,417
0,416
0,415
0,414
0,413
0,412
0,411
0,410
0,409
0,408
0,407
0,406
0,405
0,404
0,403
0,402
0,401
0,400
23,35
0,399
0,398
0,397
0,396
0,395
0,394
0,393
0,392
0,391
0,390
0,389
0,388
0,387
0,386
84,3
84,2
84,1
84,0
83,3
83,2
83,1
83,0
82,3
82,2
82,1
82,0
81,3
81,2
81,1
81,0
80,3
80,2
80,1
80,0
79,3
79,2
79,1
79,0
78,4
78,3
78,2
78,1
78,0
77,3
77,2
77,1
77,0
76,4
76,3
76,2
76,1
76,0
75,3
75,2
75,1
75,0
74,4
74,3
74,2
74,1
74,0
73,4
73,3
73,2
73,1
73,0
72,4
72,3
72,2
72,1
72,0
71,3
71,2
71,1
71,0
70,4
70,3
70,2
70,1
70,0
14,8
69,3
69,2
69,1
69,0
68,3
68,2
68,1
68,0
67,3
67,2
67,1
67,0
66,5
66,4
66,3
66,2
66,1
66,0
65,4
65,3
65,2
65,1
65,0
0,385
0,384
64,3
64,2
0,383
64,1
64,0
0,382
0,381
63,3
63,2
0,380
63,1
63,0
0,379
0,378
62,6
62,5
62,4
62,3
62,2
0,377
62,1
62,0
0,376
0,375
61,4
61,3
61,2
0,374
61,1
61,0
0,373
0,372
60,5
60,4
60,3
60,2
0,371
60,1
60,0
0,370
0,369
59,4
59,3
59,2
0,368
0,367
59,1
59,0
0,366
0,365
58,3
58,2
0,364
58,1
58,0
0,363
0,362
57,3
57,2
0,361
57,1
57,0
0,360
0,359
56,4
56,3
56,2
0,358
56,1
56,0
0,357
0,356
55,4
55,3
55,2
0,355
55,1
55,0
14,7
0,354
0,353
